990000700 990000700 990100700 990000700 990100700 990000321 990000342 990100700 990000700 990100700 990000700 990000601
990000331 690101700 990000331 990000331 990000331 990000321 990000342 990000700 990000700 990000700 990000000 990000700
991000700 990000700 990000602 990001700 941000700 910000502 910000501 910000700 910000700 910010700 990001700 990010700
990000313 990000313 990000313 290000700 990000431 990000431 990000431 990000431 990000431 990000403 190000431 990000431
991000700 990000700 990000700 290000502 990000700 990000700 990000700 990000700 990000700 990000442 190000700 990001700
990000700 990000700 990000000 290000501 990000700 990000700 990000602 990000324 991100700 990000432 490001700 990000431
990000700 990000700 990000700 590001700 990000331 990000331 990000341 990000502 990000313 990000313 990000313 990000313
991000700 490100700 990000700 990000700 990000700 990000000 990000342 990000700 990000700 990000700 990000700 990000204
990000331 190000331 990000331 990000502 990000700 941000700 910000501 910000700 910010700 990000331 990000331 990000331
991000700 190001700 990000000 990000342 990000201 990000700 990000342 990000602 990000000 990000331 990000341 990001700
990000700 990000203 990000700 990000342 990000700 991000700 990000342 990000700 990000700 990000700 990000342 990000700
990000601 990000700 990000700 990000342 990001700 990000700 990000342 990001700 990000700 990000202 990000342 990000700
990000700 990000700 990100700 990000700 990100700 990000700 990000700 990100700 990000700 990100700 990000700 990000700
990000700 990000700 990000700 990000700 990000700 990000700 990000700 990000700 990000700 990000700 990000700 990000700
990000807 991000805 990000700 991000803 990000700 991000801 991000802 991000700 990000804 991000700 990000806 990100808
991000700 990000700 990001700 990000700 990000700 990000700 990000700 990001700 990000700 990001700 990000700 990010700