11000 11000 11000 11000 11000 11000 11000 11000 11000 11000 11000 11000
11000 11000 10800 10804 10804 10804 10808 11000 11000 11000 11000 11000
11000 11000 11000 11000 11000 11000 11000 11000 11000 11000 11000 11000
11000 11000 11000 11000 11000 11000 10513 10701 11000 11000 11000 11000
11000 11000 11000 11000 11000 11000 11000 11000 11000 11000 11000 11000
11000 11000 11000 11000 11000 11000 11000 11000 11000 11000 11000 11000
11000 11000 11000 11000 11000 11000 11000 11000 11000 11000 11000 11000
11000 11000 11000 11000 11000 11000 11000 11000 11000 11000 11000 11000
11000 11000 11000 11000 11000 11000 11000 11000 11000 11000 11000 11000
11000 11000 11000 11000 11000 11000 11000 11000 11000 11000 11000 11000
11000 11000 11000 11000 11000 11000 11000 11000 11000 11000 11000 11000
11000 11000 11000 11000 11000 11000 11000 11000 11000 11000 11000 11000
