10401 11000 11000 11000 11000 11000 10407 11000 11000 11000 11000 10402
11000 11000 11000 11000 11000 11000 11000 11000 11000 11000 11000 11000
11000 11000 11000 11000 11000 11000 11000 11000 11000 11000 11000 11000
11000 11000 11000 11000 11000 11000 11000 11000 11000 11000 11000 11000
11000 11000 11000 11000 11000 11000 11000 11000 11000 11000 11000 11000
10403 11000 11000 11000 11000 11000 11000 11000 11000 11000 11000 10404
11000 11000 11000 11000 11000 11000 11000 11000 11000 11000 11000 11000
11000 11000 11000 11000 11000 11000 11000 11000 11000 11000 11000 11000
11000 11000 11000 11000 11000 11000 11000 11000 11000 11000 11000 11000
11000 11000 11000 11000 11000 11000 11000 11000 11000 11000 11000 11000
11000 11000 11000 11000 11000 11000 11000 11000 11000 11000 11000 11000
10405 11000 11000 11000 11000 11000 10408 11000 11000 11000 11000 10406