990000601 990000700 990100700 990000442 990100700 990000700 990000442 990100700 990000700 990100700 990000342 990000700
990000501 990000413 990000413 990000412 990000700 991000104 990000442 990000700 990000700 990000700 990000342 990000700
991000324 990000700 990000700 990000000 990000700 990001700 990001101 990000700 990000000 990000700 990000342 990010700
990000383 990000314 990000700 990000700 990000700 990000700 990000201 990000700 990000700 990000700 990000342 990000700
941000700 910000324 910000700 910000700 991100700 990000700 990000700 990110700 910000700 910000700 910000700 940010700
990000700 990000324 990010700 990000700 990000700 990000602 990000602 990000700 990000203 991000103 990000700 990000700
990000700 990000324 990010103 990000700 990000700 990000602 990000602 990000700 990000700 991000103 990000343 990000313
941000700 910000324 910000700 910000700 991001700 990000700 990000700 990011700 910000700 910000700 910000342 940010700
990000331 990000501 190100700 990000700 990000700 990000700 990000700 990000700 990000700 990000700 990000342 990000700
991000700 990000700 190000700 990000000 990000700 990100700 990100101 990000700 990000000 990000700 990000342 990010700
990000313 990000314 190000700 990000700 990000700 990000700 990000343 990000313 990000331 990000313 990000312 990000700
990000700 990000324 490001700 990000700 990000202 990000700 990000342 990001700 990000700 990001700 990000700 990000601
990000807 990000700 990100700 990000700 991100700 990000700 990000700 990110700 990000700 990100700 990000700 990000808
990000700 991000805 991000700 990000700 990000700 990000700 990000700 990000700 990000700 990010700 990010806 990000700
990000313 990000313 990000314 990000803 990000700 990000700 991000700 990000700 990000804 990000334 990000331 990000331
990000700 990000700 990000323 990000313 990000313 990000801 991000802 990000331 990000331 990000321 990000700 990000700