10901 11101 10102 10642 10102 11102 10642 10102 11103 10102 10542 11104
10701 10613 10613 10612 11000 10303 10642 11000 11000 11000 10542 11000
10524 11000 11000 10200 11000 10104 10301 11000 10200 11000 10542 10103
10583 10514 11000 11000 11000 11000 10401 11000 11000 11000 10542 11000
10800 10804 10804 10804 10001 11000 11000 10002 10804 10804 10804 10802
11000 10524 10103 11000 11000 10902 10902 11000 10403 10303 11000 11000
11000 10524 10303 11000 11000 10902 10902 11000 11000 10303 10543 10513
10800 10804 10804 10804 10004 11000 11000 10003 10804 10804 10804 10802
10531 10701 10807 11000 11000 11000 11000 11000 11000 11000 10542 11000
10101 11000 10805 10200 11000 10102 10301 11000 10200 11000 10542 10103
10513 10514 10805 11000 11000 11000 10543 10513 10513 10513 10512 11000
11000 10524 10803 11000 10402 11000 10542 10104 11000 10104 11000 10901