11000 11101 10102 11102 10102 10524 10542 10102 11103 10102 11104 10901
10531 10801 10531 10531 10531 10521 10542 11000 11000 11000 10200 11000
10101 11000 10902 11000 10800 10804 10804 10804 10804 10808 11000 10103
10513 10513 10513 10801 10613 10613 10613 10613 10613 10603 10801 10613
10101 11000 11000 10805 11000 11000 11000 11000 11000 10642 10805 10103
11000 11000 10200 10805 11000 11000 10902 10524 10001 10632 10809 10631
11000 11000 11000 10809 10531 10531 10541 10702 10513 10513 10513 10513
10101 10801 11000 11000 11000 10200 10542 11000 11000 11000 11000 10404
10531 10805 10531 10702 11000 10800 10804 10808 11000 10531 10531 10531
10101 10809 10200 10542 10401 11000 10542 10902 10200 10531 10541 11000
11000 10403 11000 10542 11000 11000 10542 11000 11000 11000 10542 11000
10901 11000 10104 10542 10104 11000 10542 10104 11000 10402 10542 11000
